Matriz 1
8 1 4 6 9 2 3 0 8 3 4 9 2 1 9 9 0 1 0 8 
6 5 4 3 3 5 3 1 3 5 7 2 7 7 5 0 8 5 4 6 
6 6 0 7 4 8 9 3 8 8 0 7 7 4 3 1 4 2 9 9 
6 9 0 5 9 3 6 1 8 8 5 3 1 5 9 6 5 4 4 7 
5 4 8 8 0 9 9 7 2 4 2 0 0 7 4 9 2 5 8 8 
3 5 2 6 1 0 4 6 5 2 2 5 4 8 8 2 6 8 7 5 
8 4 9 1 6 0 7 7 7 6 4 1 1 0 8 8 6 3 5 3 
3 2 0 4 6 5 4 2 8 7 1 6 0 4 9 9 3 6 4 3 
6 3 5 1 1 1 7 1 2 8 6 9 3 7 8 2 1 0 6 2 
1 3 8 1 1 5 0 9 9 5 8 8 7 9 0 4 9 5 1 9 
9 2 8 7 1 2 1 9 9 4 4 6 8 5 1 6 1 1 3 1 
2 6 4 7 8 7 2 7 8 3 9 3 0 1 7 2 8 8 7 0 
8 7 3 6 9 5 2 0 9 0 9 3 2 6 8 7 5 1 1 4 
8 3 1 7 0 4 3 0 0 7 4 8 0 0 1 9 5 5 0 4 
2 3 9 3 4 1 8 3 3 4 8 9 8 4 6 5 0 6 8 0 
1 6 5 9 2 7 9 0 0 2 7 9 7 7 4 1 1 8 8 8 
4 7 2 3 3 2 4 8 9 9 6 3 1 7 1 4 2 9 0 9 
1 4 7 0 3 3 6 1 0 1 6 7 8 7 4 4 4 4 4 9 
8 0 1 7 2 4 6 1 1 5 8 2 9 5 5 4 1 2 0 5 
8 2 3 2 3 2 0 6 5 6 0 5 9 5 9 3 2 5 1 3 

Matriz 2
9 2 7 9 6 5 1 9 5 3 5 4 7 7 1 7 3 7 8 0 
0 1 7 2 6 7 6 7 4 2 4 0 5 0 5 2 7 2 8 7 
2 0 9 4 2 3 0 8 2 3 0 0 3 2 0 0 0 5 1 5 
9 7 4 0 6 9 3 4 5 1 1 0 7 1 6 5 7 7 9 3 
3 4 5 6 8 7 5 1 4 3 2 0 4 4 7 1 3 0 5 8 
7 5 5 7 2 4 1 6 3 1 1 6 0 2 6 3 0 8 6 8 
8 5 0 6 4 0 5 2 5 5 1 0 9 8 6 8 3 7 7 1 
3 0 9 8 3 0 6 7 3 6 7 7 2 8 9 4 3 5 3 3 
9 2 8 5 0 2 0 0 5 3 9 1 5 9 0 6 8 7 1 9 
6 1 4 0 1 7 4 5 6 0 7 0 9 3 3 4 7 7 8 4 
4 9 3 0 2 9 0 9 0 2 9 5 3 0 4 2 0 1 8 4 
3 6 7 3 1 2 3 1 2 1 9 0 7 5 5 2 8 4 5 5 
7 3 7 3 1 0 0 4 4 9 4 9 1 9 6 8 4 8 7 3 
1 3 6 3 7 1 9 5 6 0 4 0 2 4 4 2 4 9 2 2 
0 5 6 1 2 1 1 8 3 5 3 5 4 0 0 8 0 9 9 3 
1 9 9 0 4 2 6 9 6 9 7 7 5 6 7 7 9 8 8 2 
6 3 7 3 7 0 1 3 7 5 2 9 1 1 6 5 1 6 4 3 
3 7 4 6 2 1 6 0 8 1 5 0 8 8 8 5 8 1 6 9 
2 7 1 1 8 8 3 6 8 5 9 2 8 5 6 3 6 2 9 2 
9 6 3 6 9 4 6 9 4 0 2 1 8 9 0 7 5 7 8 6 

Resultado 2
431 419 512 315 343 336 259 460 350 274 406 206 477 416 299 427 407 509 556 391 
432 366 472 321 380 326 266 474 404 256 377 273 405 372 362 398 328 497 551 382 
590 434 516 408 452 400 349 490 504 305 475 249 581 539 453 510 505 619 679 458 
478 454 547 352 462 426 373 528 487 301 478 238 564 441 420 489 482 568 682 475 
470 453 526 385 454 365 390 602 482 317 400 260 527 471 455 466 430 613 636 395 
375 384 484 310 384 273 332 429 440 281 422 232 458 421 400 422 416 497 540 369 
409 355 556 358 372 319 282 527 426 364 437 280 486 436 372 444 376 513 560 376 
374 408 478 288 323 294 308 398 420 271 430 215 467 398 375 417 435 503 541 400 
325 331 408 239 289 293 247 436 331 232 407 173 435 326 286 344 322 461 505 272 
480 391 637 389 368 293 331 520 428 301 510 329 419 504 433 414 432 576 510 487 
442 317 578 336 296 302 246 476 371 319 460 275 405 458 367 393 409 529 481 343 
423 439 543 349 386 411 284 467 440 301 474 287 452 366 479 391 393 456 591 498 
434 433 559 331 412 393 279 518 393 295 425 274 423 364 364 420 378 524 583 434 
361 354 384 222 272 284 232 378 322 191 332 193 407 293 317 334 362 398 488 271 
364 434 500 291 314 331 283 464 396 340 474 231 486 431 428 395 406 474 577 382 
469 512 462 336 424 397 355 498 443 265 421 204 541 445 469 433 445 532 669 444 
452 365 519 371 361 333 383 464 429 225 474 192 504 486 398 414 473 497 536 461 
347 383 441 292 351 253 289 451 347 271 349 232 390 394 351 362 325 456 502 351 
428 364 387 263 292 289 222 437 317 250 323 252 376 358 314 403 293 484 528 265 
360 280 501 314 268 217 243 409 356 279 380 261 371 409 313 401 347 494 473 328 

